Average Runtimes
Calculated by avgtime.py

C:		0.004016s
Fortran:	0.005355s
Ada:		0.005838s
Python:		0.151933s
Julia:		1.161199s
